<hkobject name="#0028" class="hkbMirroredSkeletonInfo" signature="0xc6c2da4f">
	<hkparam name="mirrorAxis">(1.000000 0.000000 0.000000 0.000000)</hkparam>
<!-- MOD_CODE ~xpmse~ OPEN -->
	<hkparam name="bonePairMap" numelements="99">
		0 1 2 3 4 5 9 10 11 6 7 8 15 16 17 12
		13 14 18 19 20 21 22 23 24 25 26 30 31 32 27 28
		29 33 34 35 36 37 39 38 41 40 42 43 45 44 46 48
		47 49 51 50 56 57 58 59 52 53 54 55 60 61 62 63
		64 65 66 82 83 84 85 86 87 88 89 90 91 92 93 94
		95 96 67 68 69 70 71 72 73 74 75 76 77 78 79 80
		81 97 98 99 100 101 102 103 104 105 106 107 108 109
		110 111 112 113 114 115 116 117 118 119 120 121 122
		123 124 125
	</hkparam>
<!-- ORIGINAL -->
	<hkparam name="bonePairMap" numelements="99">
		0 1 2 3 4 5 9 10 11 6 7 8 15 16 17 12
		13 14 18 19 20 21 22 23 24 25 26 30 31 32 27 28
		29 33 34 35 36 37 39 38 41 40 42 43 45 44 46 48
		47 49 51 50 56 57 58 59 52 53 54 55 60 61 62 63
		64 65 66 82 83 84 85 86 87 88 89 90 91 92 93 94
		95 96 67 68 69 70 71 72 73 74 75 76 77 78 79 80
		81 97 98
	</hkparam>
<!-- CLOSE -->
</hkobject>